7421
74210
742103
7421035
74210356
742103568
74210358
742103586
7421036
74210365
742103658
74210368
742103685
7421038
74210385
742103856
74210386
742103865
742105
7421053
74210536
742105368
74210538
742105386
7421056
74210563
742105638
74210568
742105683
7421058
74210583
742105836
74210586
742105863
742108
7421083
74210835
742108356
74210836
742108365
7421085
74210853
742108536
74210856
742108563
7421086
74210863
742108635
74210865
742108653
74213
742130
7421305
74213056
742130568
74213058
742130586
7421306
74213065
742130658
74213068
742130685
7421308
74213085
742130856
74213086
742130865
742135
7421350
74213506
742135068
74213508
742135086
7421356
74213560
742135608
74213568
742135680
7421358
74213580
742135806
74213586
742135860
742136
7421360
74213605
742136058
74213608
742136085
7421365
74213650
742136508
74213658
742136580
7421368
74213680
742136805
74213685
742136850
742138
7421380
74213805
742138056
74213806
742138065
7421385
74213850
742138506
74213856
742138560
7421386
74213860
742138605
74213865
742138650
74215
742150
7421503
74215036
742150368
74215038
742150386
7421508
74215083
742150836
74215086
742150863
742153
7421530
74215306
742153068
74215308
742153086
7421536
74215360
742153608
74215368
742153680
7421538
74215380
742153806
74215386
742153860
742156
7421563
74215630
742156308
74215638
742156380
7421568
74215680
742156803
74215683
742156830
742158
7421580
74215803
742158036
7421583
74215830
742158306
74215836
742158360
7421586
74215863
742158630
74216
742163
7421630
74216305
742163058
74216308
742163085
7421635
74216350
742163508
74216358
742163580
7421638
74216380
742163805
74216385
742163850
742165
7421650
74216503
742165038
74216508
742165083
7421653
74216530
742165308
74216538
742165380
7421658
74216580
742165803
74216583
742165830
742168
7421680
74216803
742168035
74216805
742168053
7421683
74216830
742168305
74216835
742168350
7421685
74216850
742168503
74216853
742168530
74218
742180
7421803
74218035
742180356
74218036
742180365
7421805
74218053
742180536
74218056
742180563
742183
7421830
74218305
742183056
74218306
742183065
7421835
74218350
742183506
74218356
742183560
7421836
74218360
742183605
74218365
742183650
742185
7421850
74218503
742185036
7421853
74218530
742185306
74218536
742185360
7421856
74218563
742185630
742186
7421863
74218630
742186305
74218635
742186350
7421865
74218650
742186503
74218653
742186530
7423
74230
742301
7423015
74230156
742301568
74230158
742301586
7423016
74230165
742301658
74230168
742301685
7423018
74230185
742301856
74230186
742301865
742305
7423051
74230516
742305168
74230518
742305186
7423056
74230561
742305618
74230568
742305681
7423058
74230581
742305816
74230586
742305861
742306
7423061
74230615
742306158
74230618
742306185
7423065
74230651
742306518
74230658
742306581
7423068
74230681
742306815
74230685
742306851
742308
7423081
74230815
742308156
74230816
742308165
7423085
74230851
742308516
74230856
742308561
7423086
74230861
742308615
74230865
742308651
74231
742310
7423105
74231056
742310568
74231058
742310586
7423106
74231065
742310658
74231068
742310685
7423108
74231085
742310856
74231086
742310865
742315
7423150
74231506
742315068
74231508
742315086
7423156
74231560
742315608
74231568
742315680
7423158
74231580
742315806
74231586
742315860
742316
7423160
74231605
742316058
74231608
742316085
7423165
74231650
742316508
74231658
742316580
7423168
74231680
742316805
74231685
742316850
742318
7423180
74231805
742318056
74231806
742318065
7423185
74231850
742318506
74231856
742318560
7423186
74231860
742318605
74231865
742318650
74235
742350
7423501
74235016
742350168
74235018
742350186
7423506
74235061
742350618
74235068
742350681
7423508
74235081
742350816
74235086
742350861
742351
7423510
74235106
742351068
74235108
742351086
7423516
74235160
742351608
74235168
742351680
7423518
74235180
742351806
74235186
742351860
742356
7423560
74235601
742356018
74235608
742356081
7423561
74235610
742356108
74235618
742356180
7423568
74235680
742356801
74235681
742356810
742358
7423580
74235801
742358016
74235806
742358061
7423581
74235810
742358106
74235816
742358160
7423586
74235860
742358601
74235861
742358610
74236
742360
7423601
74236015
742360158
74236018
742360185
7423605
74236051
742360518
74236058
742360581
7423608
74236081
742360815
74236085
742360851
742361
7423610
74236105
742361058
74236108
742361085
7423615
74236150
742361508
74236158
742361580
7423618
74236180
742361805
74236185
742361850
742365
7423650
74236501
742365018
74236508
742365081
7423651
74236510
742365108
74236518
742365180
7423658
74236580
742365801
74236581
742365810
742368
7423680
74236801
742368015
74236805
742368051
7423681
74236810
742368105
74236815
742368150
7423685
74236850
742368501
74236851
742368510
74238
742380
7423801
74238015
742380156
74238016
742380165
7423805
74238051
742380516
74238056
742380561
7423806
74238061
742380615
74238065
742380651
742381
7423810
74238105
742381056
74238106
742381065
7423815
74238150
742381506
74238156
742381560
7423816
74238160
742381605
74238165
742381650
742385
7423850
74238501
742385016
74238506
742385061
7423851
74238510
742385106
74238516
742385160
7423856
74238560
742385601
74238561
742385610
742386
7423860
74238601
742386015
74238605
742386051
7423861
74238610
742386105
74238615
742386150
7423865
74238650
742386501
74238651
742386510
7425
74250
742501
7425013
74250136
742501368
74250138
742501386
7425016
74250163
742501638
74250168
742501683
7425018
74250183
742501836
74250186
742501863
742503
7425031
74250316
742503168
74250318
742503186
7425036
74250361
742503618
74250368
742503681
7425038
74250381
742503816
74250386
742503861
742508
7425081
74250813
742508136
74250816
742508163
7425083
74250831
742508316
74250836
742508361
7425086
74250861
742508613
74250863
742508631
74251
742510
7425103
74251036
742510368
74251038
742510386
7425108
74251083
742510836
74251086
742510863
742513
7425130
74251306
742513068
74251308
742513086
7425136
74251360
742513608
74251368
742513680
7425138
74251380
742513806
74251386
742513860
742516
7425163
74251630
742516308
74251638
742516380
7425168
74251680
742516803
74251683
742516830
742518
7425180
74251803
742518036
7425183
74251830
742518306
74251836
742518360
7425186
74251863
742518630
74253
742530
7425301
74253016
742530168
74253018
742530186
7425306
74253061
742530618
74253068
742530681
7425308
74253081
742530816
74253086
742530861
742531
7425310
74253106
742531068
74253108
742531086
7425316
74253160
742531608
74253168
742531680
7425318
74253180
742531806
74253186
742531860
742536
7425360
74253601
742536018
74253608
742536081
7425361
74253610
742536108
74253618
742536180
7425368
74253680
742536801
74253681
742536810
742538
7425380
74253801
742538016
74253806
742538061
7425381
74253810
742538106
74253816
742538160
7425386
74253860
742538601
74253861
742538610
74256
742561
7425610
74256103
742561038
74256108
742561083
7425613
74256130
742561308
74256138
742561380
7425618
74256180
742561803
74256183
742561830
742563
7425630
74256301
742563018
74256308
742563081
7425631
74256310
742563108
74256318
742563180
7425638
74256380
742563801
74256381
742563810
742568
7425680
74256801
742568013
74256803
742568031
7425681
74256810
742568103
74256813
742568130
7425683
74256830
742568301
74256831
742568310
74258
742580
7425801
74258013
742580136
74258016
742580163
7425803
74258031
742580316
74258036
742580361
742581
7425810
74258103
742581036
7425813
74258130
742581306
74258136
742581360
7425816
74258163
742581630
742583
7425830
74258301
742583016
74258306
742583061
7425831
74258310
742583106
74258316
742583160
7425836
74258360
742583601
74258361
742583610
742586
7425861
74258610
742586103
74258613
742586130
7425863
74258630
742586301
74258631
742586310
7426
74261
742610
7426103
74261035
742610358
74261038
742610385
7426105
74261053
742610538
74261058
742610583
7426108
74261083
742610835
74261085
742610853
742613
7426130
74261305
742613058
74261308
742613085
7426135
74261350
742613508
74261358
742613580
7426138
74261380
742613805
74261385
742613850
742615
7426150
74261503
742615038
74261508
742615083
7426153
74261530
742615308
74261538
742615380
7426158
74261580
742615803
74261583
742615830
742618
7426180
74261803
742618035
74261805
742618053
7426183
74261830
742618305
74261835
742618350
7426185
74261850
742618503
74261853
742618530
74263
742630
7426301
74263015
742630158
74263018
742630185
7426305
74263051
742630518
74263058
742630581
7426308
74263081
742630815
74263085
742630851
742631
7426310
74263105
742631058
74263108
742631085
7426315
74263150
742631508
74263158
742631580
7426318
74263180
742631805
74263185
742631850
742635
7426350
74263501
742635018
74263508
742635081
7426351
74263510
742635108
74263518
742635180
7426358
74263580
742635801
74263581
742635810
742638
7426380
74263801
742638015
74263805
742638051
7426381
74263810
742638105
74263815
742638150
7426385
74263850
742638501
74263851
742638510
74265
742650
7426501
74265013
742650138
74265018
742650183
7426503
74265031
742650318
74265038
742650381
7426508
74265081
742650813
74265083
742650831
742651
7426510
74265103
742651038
74265108
742651083
7426513
74265130
742651308
74265138
742651380
7426518
74265180
742651803
74265183
742651830
742653
7426530
74265301
742653018
74265308
742653081
7426531
74265310
742653108
74265318
742653180
7426538
74265380
742653801
74265381
742653810
742658
7426580
74265801
742658013
74265803
742658031
7426581
74265810
742658103
74265813
742658130
7426583
74265830
742658301
74265831
742658310
74268
742680
7426801
74268013
742680135
74268015
742680153
7426803
74268031
742680315
74268035
742680351
7426805
74268051
742680513
74268053
742680531
742681
7426810
74268103
742681035
74268105
742681053
7426813
74268130
742681305
74268135
742681350
7426815
74268150
742681503
74268153
742681530
742683
7426830
74268301
742683015
74268305
742683051
7426831
74268310
742683105
74268315
742683150
7426835
74268350
742683501
74268351
742683510
742685
7426850
74268501
742685013
74268503
742685031
7426851
74268510
742685103
74268513
742685130
7426853
74268530
742685301
74268531
742685310
